# Created by Octave 4.0.0, Wed Aug 09 11:48:23 2017 UYT <jimena@jimena-All-Series>
# name: frec
# type: scalar
10


# name: tf
# type: scalar
0.232


